%YAML:1.0
---
CameraExtrinsicMat: !!opencv-matrix
   rows: 4
   cols: 4
   dt: d
   data: [ 9.0594405552479884e-04, -3.7561707713131554e-02,
       9.9929389940049229e-01, 2.6874143864176125e-01,
       -9.9992868002720159e-01, 1.1866148277216437e-02,
       1.3525472713279973e-03, 4.4527196300653861e-02,
       -1.1908573568077729e-02, -9.9922385511892986e-01,
       -3.7548278746665442e-02, -3.9606727659750607e-01, 0., 0., 0., 1. ]
CameraMat: !!opencv-matrix
   rows: 3
   cols: 3
   dt: d
   data: [1158.03362469927, 0., 960.,
          0., 1158.03370796211, 540.,
          0., 0., 1.]

DistCoeff: !!opencv-matrix
   rows: 1
   cols: 5
   dt: d
   data: [0., 0., 0., 0., 0.]
ImageSize: [ 1920, 1080 ]
ReprojectionError: 0.
