%YAML:1.0
---
CameraExtrinsicMat: !!opencv-matrix
   rows: 4
   cols: 4
   dt: d
   data: [ -9.9995497331386707e-01, 9.0831145686201230e-03,
       2.7474305444807621e-03, 2.9478312041396473e-02,
       1.7920845285667765e-04, 3.0754561902125299e-01,
       -9.5153332054382889e-01, -5.7359956119810762e-01,
       -9.4878463938793678e-03, -9.5148998378888250e-01,
       -3.0753339903210275e-01, -1.3086390821500233e+00, 0., 0., 0., 1. ]
CameraMat: !!opencv-matrix
   rows: 3
   cols: 3
   dt: d
   data: [ 2.8325750287933363e+02, 0., 3.1989188752286401e+02, 0.,
       2.8269892951063298e+02, 2.4176939599365670e+02, 0., 0., 1. ]
DistCoeff: !!opencv-matrix
   rows: 1
   cols: 5
   dt: d
   data: [ -7.0846040296563466e-04, -5.3440306452363440e-03,
       1.7887469611879816e-03, 3.1167560706689933e-04,
       6.7959030468554395e-03 ]
ImageSize: [ 640, 480 ]
ReprojectionError: 5.1674004824554087e-01
