%YAML:1.0
CameraExtrinsicMat: !!opencv-matrix
   rows: 4
   cols: 4
   dt: d
   data: [ -1.0729603276874666e-02, -6.6458208099877458e-02,
       9.9773151808974858e-01, -3.0256588960598274e-01,
       -9.9921230711271081e-01, -3.7410377795620509e-02,
       -1.3237407135953061e-02, 1.0076000360207968e-01,
       3.8205247388479247e-02, -9.9708764419650819e-01,
       -6.6004460929870223e-02, -1.0261617257058873e+00, 0., 0., 0., 1. ]
CameraMat: !!opencv-matrix
   rows: 3
   cols: 3
   dt: d
   data: [ 1.4403289066153782e+03, 0., 4.0482616915734189e+02, 0.,
       1.4578221749417055e+03, 3.2972067909264871e+02, 0., 0., 1. ]
DistCoeff: !!opencv-matrix
   rows: 1
   cols: 5
   dt: d
   data: [ -6.9456305895167741e-02, 1.9827956766186932e+00,
       7.2009387579324282e-03, -2.4592642909512628e-04,
       0 ]
ImageSize: [ 61101, 1 ]
ReprojectionError: 1.9457511126538479e-01
